-0.1500  -0.1000  0.3500  11382189
-0.1500  -0.1000  0.4000  12171705
-0.1500  -0.1000  0.4500  12961221
-0.1500  -0.0500  0.3000  10658466
-0.1500  -0.0500  0.3500  11382189
-0.1500  -0.0500  0.4000  12171705
-0.1500  -0.0500  0.4500  12961221
-0.1500  -0.0500  0.5000  13684944
-0.1500  -0.0000  0.3000  10658466
-0.1500  -0.0000  0.3500  11382189
-0.1500  -0.0000  0.4000  12171705
-0.1500  -0.0000  0.4500  12961221
-0.1500  -0.0000  0.5000  13684944
-0.1500  0.0500  0.3000  10658466
-0.1500  0.0500  0.3500  11382189
-0.1500  0.0500  0.4000  12171705
-0.1500  0.0500  0.4500  12961221
-0.1500  0.0500  0.5000  13684944
-0.1500  0.1000  0.3500  11382189
-0.1500  0.1000  0.4000  12171705
-0.1500  0.1000  0.4500  12961221
-0.1000  -0.1500  0.3500  11382189
-0.1000  -0.1500  0.4000  12171705
-0.1000  -0.1500  0.4500  12961221
-0.1000  -0.1000  0.3000  10658466
-0.1000  -0.1000  0.3500  11382189
-0.1000  -0.1000  0.4000  12171705
-0.1000  -0.1000  0.4500  12961221
-0.1000  -0.1000  0.5000  13684944
-0.1000  -0.0500  0.2500  9868950
-0.1000  -0.0500  0.3000  10658466
-0.1000  -0.0500  0.3500  11382189
-0.1000  -0.0500  0.4000  12171705
-0.1000  -0.0500  0.4500  12961221
-0.1000  -0.0500  0.5000  13684944
-0.1000  -0.0500  0.5500  14474460
-0.1000  -0.0000  0.2500  9868950
-0.1000  -0.0000  0.3000  10658466
-0.1000  -0.0000  0.3500  11382189
-0.1000  -0.0000  0.4000  12171705
-0.1000  -0.0000  0.4500  12961221
-0.1000  -0.0000  0.5000  13684944
-0.1000  -0.0000  0.5500  14474460
-0.1000  0.0500  0.2500  9868950
-0.1000  0.0500  0.3000  10658466
-0.1000  0.0500  0.3500  11382189
-0.1000  0.0500  0.4000  12171705
-0.1000  0.0500  0.4500  12961221
-0.1000  0.0500  0.5000  13684944
-0.1000  0.0500  0.5500  14474460
-0.1000  0.1000  0.3000  10658466
-0.1000  0.1000  0.3500  11382189
-0.1000  0.1000  0.4000  12171705
-0.1000  0.1000  0.4500  12961221
-0.1000  0.1000  0.5000  13684944
-0.1000  0.1500  0.3500  11382189
-0.1000  0.1500  0.4000  12171705
-0.1000  0.1500  0.4500  12961221
-0.0500  -0.1500  0.3000  10658466
-0.0500  -0.1500  0.3500  11382189
-0.0500  -0.1500  0.4000  12171705
-0.0500  -0.1500  0.4500  12961221
-0.0500  -0.1500  0.5000  13684944
-0.0500  -0.1000  0.2500  9868950
-0.0500  -0.1000  0.3000  10658466
-0.0500  -0.1000  0.3500  11382189
-0.0500  -0.1000  0.4000  12171705
-0.0500  -0.1000  0.4500  12961221
-0.0500  -0.1000  0.5000  13684944
-0.0500  -0.1000  0.5500  14474460
-0.0500  -0.0500  0.2500  9868950
-0.0500  -0.0500  0.3000  10658466
-0.0500  -0.0500  0.3500  11382189
-0.0500  -0.0500  0.4000  12171705
-0.0500  -0.0500  0.4500  12961221
-0.0500  -0.0500  0.5000  13684944
-0.0500  -0.0500  0.5500  14474460
-0.0500  -0.0000  0.2500  9868950
-0.0500  -0.0000  0.3000  10658466
-0.0500  -0.0000  0.3500  11382189
-0.0500  -0.0000  0.4000  12171705
-0.0500  -0.0000  0.4500  12961221
-0.0500  -0.0000  0.5000  13684944
-0.0500  -0.0000  0.5500  14474460
-0.0500  0.0500  0.2500  9868950
-0.0500  0.0500  0.3000  10658466
-0.0500  0.0500  0.3500  11382189
-0.0500  0.0500  0.4000  12171705
-0.0500  0.0500  0.4500  12961221
-0.0500  0.0500  0.5000  13684944
-0.0500  0.0500  0.5500  14474460
-0.0500  0.1000  0.2500  9868950
-0.0500  0.1000  0.3000  10658466
-0.0500  0.1000  0.3500  11382189
-0.0500  0.1000  0.4000  12171705
-0.0500  0.1000  0.4500  12961221
-0.0500  0.1000  0.5000  13684944
-0.0500  0.1000  0.5500  14474460
-0.0500  0.1500  0.3000  10658466
-0.0500  0.1500  0.3500  11382189
-0.0500  0.1500  0.4000  12171705
-0.0500  0.1500  0.4500  12961221
-0.0500  0.1500  0.5000  13684944
-0.0000  -0.1500  0.3000  10658466
-0.0000  -0.1500  0.3500  11382189
-0.0000  -0.1500  0.4000  12171705
-0.0000  -0.1500  0.4500  12961221
-0.0000  -0.1500  0.5000  13684944
-0.0000  -0.1000  0.2500  9868950
-0.0000  -0.1000  0.3000  10658466
-0.0000  -0.1000  0.3500  11382189
-0.0000  -0.1000  0.4000  12171705
-0.0000  -0.1000  0.4500  12961221
-0.0000  -0.1000  0.5000  13684944
-0.0000  -0.1000  0.5500  14474460
-0.0000  -0.0500  0.2500  9868950
-0.0000  -0.0500  0.3000  10658466
-0.0000  -0.0500  0.3500  11382189
-0.0000  -0.0500  0.4000  12171705
-0.0000  -0.0500  0.4500  12961221
-0.0000  -0.0500  0.5000  13684944
-0.0000  -0.0500  0.5500  14474460
-0.0000  -0.0000  0.2500  9868950
-0.0000  -0.0000  0.3000  10658466
-0.0000  -0.0000  0.3500  11382189
-0.0000  -0.0000  0.4000  12171705
-0.0000  -0.0000  0.4500  12961221
-0.0000  -0.0000  0.5000  13684944
-0.0000  -0.0000  0.5500  14474460
-0.0000  0.0500  0.2500  9868950
-0.0000  0.0500  0.3000  10658466
-0.0000  0.0500  0.3500  11382189
-0.0000  0.0500  0.4000  12171705
-0.0000  0.0500  0.4500  12961221
-0.0000  0.0500  0.5000  13684944
-0.0000  0.0500  0.5500  14474460
-0.0000  0.1000  0.2500  9868950
-0.0000  0.1000  0.3000  10658466
-0.0000  0.1000  0.3500  11382189
-0.0000  0.1000  0.4000  12171705
-0.0000  0.1000  0.4500  12961221
-0.0000  0.1000  0.5000  13684944
-0.0000  0.1000  0.5500  14474460
-0.0000  0.1500  0.3000  10658466
-0.0000  0.1500  0.3500  11382189
-0.0000  0.1500  0.4000  12171705
-0.0000  0.1500  0.4500  12961221
-0.0000  0.1500  0.5000  13684944
0.0500  -0.1500  0.3000  10658466
0.0500  -0.1500  0.3500  11382189
0.0500  -0.1500  0.4000  12171705
0.0500  -0.1500  0.4500  12961221
0.0500  -0.1500  0.5000  13684944
0.0500  -0.1000  0.2500  9868950
0.0500  -0.1000  0.3000  10658466
0.0500  -0.1000  0.3500  11382189
0.0500  -0.1000  0.4000  12171705
0.0500  -0.1000  0.4500  12961221
0.0500  -0.1000  0.5000  13684944
0.0500  -0.1000  0.5500  14474460
0.0500  -0.0500  0.2500  9868950
0.0500  -0.0500  0.3000  10658466
0.0500  -0.0500  0.3500  11382189
0.0500  -0.0500  0.4000  12171705
0.0500  -0.0500  0.4500  12961221
0.0500  -0.0500  0.5000  13684944
0.0500  -0.0500  0.5500  14474460
0.0500  -0.0000  0.2500  9868950
0.0500  -0.0000  0.3000  10658466
0.0500  -0.0000  0.3500  11382189
0.0500  -0.0000  0.4000  12171705
0.0500  -0.0000  0.4500  12961221
0.0500  -0.0000  0.5000  13684944
0.0500  -0.0000  0.5500  14474460
0.0500  0.0500  0.2500  9868950
0.0500  0.0500  0.3000  10658466
0.0500  0.0500  0.3500  11382189
0.0500  0.0500  0.4000  12171705
0.0500  0.0500  0.4500  12961221
0.0500  0.0500  0.5000  13684944
0.0500  0.0500  0.5500  14474460
0.0500  0.1000  0.2500  9868950
0.0500  0.1000  0.3000  10658466
0.0500  0.1000  0.3500  11382189
0.0500  0.1000  0.4000  12171705
0.0500  0.1000  0.4500  12961221
0.0500  0.1000  0.5000  13684944
0.0500  0.1000  0.5500  14474460
0.0500  0.1500  0.3000  10658466
0.0500  0.1500  0.3500  11382189
0.0500  0.1500  0.4000  12171705
0.0500  0.1500  0.4500  12961221
0.0500  0.1500  0.5000  13684944
0.1000  -0.1500  0.3500  11382189
0.1000  -0.1500  0.4000  12171705
0.1000  -0.1500  0.4500  12961221
0.1000  -0.1000  0.3000  10658466
0.1000  -0.1000  0.3500  11382189
0.1000  -0.1000  0.4000  12171705
0.1000  -0.1000  0.4500  12961221
0.1000  -0.1000  0.5000  13684944
0.1000  -0.0500  0.2500  9868950
0.1000  -0.0500  0.3000  10658466
0.1000  -0.0500  0.3500  11382189
0.1000  -0.0500  0.4000  12171705
0.1000  -0.0500  0.4500  12961221
0.1000  -0.0500  0.5000  13684944
0.1000  -0.0500  0.5500  14474460
0.1000  -0.0000  0.2500  9868950
0.1000  -0.0000  0.3000  10658466
0.1000  -0.0000  0.3500  11382189
0.1000  -0.0000  0.4000  12171705
0.1000  -0.0000  0.4500  12961221
0.1000  -0.0000  0.5000  13684944
0.1000  -0.0000  0.5500  14474460
0.1000  0.0500  0.2500  9868950
0.1000  0.0500  0.3000  10658466
0.1000  0.0500  0.3500  11382189
0.1000  0.0500  0.4000  12171705
0.1000  0.0500  0.4500  12961221
0.1000  0.0500  0.5000  13684944
0.1000  0.0500  0.5500  14474460
0.1000  0.1000  0.3000  10658466
0.1000  0.1000  0.3500  11382189
0.1000  0.1000  0.4000  12171705
0.1000  0.1000  0.4500  12961221
0.1000  0.1000  0.5000  13684944
0.1000  0.1500  0.3500  11382189
0.1000  0.1500  0.4000  12171705
0.1000  0.1500  0.4500  12961221
0.1500  -0.1000  0.3500  11382189
0.1500  -0.1000  0.4000  12171705
0.1500  -0.1000  0.4500  12961221
0.1500  -0.0500  0.3000  10658466
0.1500  -0.0500  0.3500  11382189
0.1500  -0.0500  0.4000  12171705
0.1500  -0.0500  0.4500  12961221
0.1500  -0.0500  0.5000  13684944
0.1500  -0.0000  0.3000  10658466
0.1500  -0.0000  0.3500  11382189
0.1500  -0.0000  0.4000  12171705
0.1500  -0.0000  0.4500  12961221
0.1500  -0.0000  0.5000  13684944
0.1500  0.0500  0.3000  10658466
0.1500  0.0500  0.3500  11382189
0.1500  0.0500  0.4000  12171705
0.1500  0.0500  0.4500  12961221
0.1500  0.0500  0.5000  13684944
0.1500  0.1000  0.3500  11382189
0.1500  0.1000  0.4000  12171705
0.1500  0.1000  0.4500  12961221
0.0000  0.0000  -0.2000  3026478
0.0000  0.0000  -0.1500  3750201
0.0000  0.0000  -0.1000  4539717
0.0000  0.0000  -0.0500  5329233
0.0000  0.0000  -0.0000  6052956
0.0000  0.0000  0.0500  6842472
0.0000  0.0000  0.1000  7566195
0.0000  0.0000  0.1500  8355711
0.0000  0.0000  0.2000  9145227
0.0000  0.0000  0.2500  9868950
0.0000  0.0000  0.3000  10658466
0.0000  -0.2000  0.0000  6052956
0.0000  -0.1500  0.0000  6052956
0.0000  -0.1000  0.0000  6052956
0.0000  -0.0500  0.0000  6052956
0.0000  -0.0000  0.0000  6052956
0.0000  0.0500  0.0000  6052956
0.0000  0.1000  0.0000  6052956
0.0000  0.1500  0.0000  6052956
0.0000  0.2000  0.0000  6052956
0.0000  -0.1500  -0.5000  0
0.0000  -0.1250  -0.4500  0
0.0000  -0.1000  -0.4000  0
0.0000  -0.0750  -0.3500  723723
0.0000  -0.0500  -0.3000  1513239
0.0000  -0.0250  -0.2500  2236962
0.0000  -0.0000  -0.2000  3026478
0.0000  0.0250  -0.2500  2236962
0.0000  0.0500  -0.3000  1513239
0.0000  0.0750  -0.3500  723723
0.0000  0.1000  -0.4000  0
0.0000  0.1250  -0.4500  0
0.0000  0.1500  -0.5000  0
