0.0000  0.0000  0.8500  4202496
0.0000  0.0000  0.7750  4202496
0.0000  0.0000  0.7000  4202496
0.0000  0.0000  0.6250  4202496
0.0000  0.0000  0.5500  4202496
0.0000  0.0000  0.4750  4202496
0.0000  0.0000  0.4000  4202496
0.0000  0.0000  0.3250  4202496
0.0000  0.0000  0.2500  4202496
0.0000  0.0000  0.1750  4202496
0.0000  0.0000  0.1000  4202496
0.0000  0.0000  0.0250  4202496
0.0000  0.0000  -0.0500  4202496
0.0000  0.0000  -0.1250  4202496
0.0000  0.0000  -0.2000  4202496
0.0000  0.0000  -0.2750  4202496
0.0000  0.0000  -0.3500  4202496
0.0000  0.0000  -0.4250  4202496
0.0000  0.0000  -0.5000  4202496
0.0000  0.0000  -0.5750  4202496
0.0500  0.0000  0.8800  18432
0.1000  0.0000  0.7600  20480
0.1500  0.0000  0.6400  22016
0.2000  0.0000  0.5200  32512
0.2500  0.0000  0.4000  29440
0.3000  0.0000  0.2800  24576
0.3500  0.0000  0.1600  19968
0.4000  0.0000  0.0400  29952
0.4500  0.0000  -0.0800  18432
0.5000  0.0000  -0.2000  26880
0.0492  0.0087  0.8800  23808
0.0985  0.0174  0.7600  31488
0.1477  0.0260  0.6400  16896
0.1970  0.0347  0.5200  28672
0.2462  0.0434  0.4000  23808
0.2954  0.0521  0.2800  32000
0.3447  0.0608  0.1600  21504
0.3939  0.0695  0.0400  26112
0.4432  0.0781  -0.0800  23296
0.4924  0.0868  -0.2000  28416
0.0470  0.0171  0.8800  29952
0.0940  0.0342  0.7600  23808
0.1410  0.0513  0.6400  32000
0.1879  0.0684  0.5200  22528
0.2349  0.0855  0.4000  32512
0.2819  0.1026  0.2800  24832
0.3289  0.1197  0.1600  30720
0.3759  0.1368  0.0400  23296
0.4229  0.1539  -0.0800  18944
0.4698  0.1710  -0.2000  22016
0.0433  0.0250  0.8800  16896
0.0866  0.0500  0.7600  29952
0.1299  0.0750  0.6400  29440
0.1732  0.1000  0.5200  32000
0.2165  0.1250  0.4000  23296
0.2598  0.1500  0.2800  25856
0.3031  0.1750  0.1600  18432
0.3464  0.2000  0.0400  20992
0.3897  0.2250  -0.0800  32512
0.4330  0.2500  -0.2000  29696
0.0383  0.0321  0.8800  28160
0.0766  0.0643  0.7600  32512
0.1149  0.0964  0.6400  26112
0.1532  0.1286  0.5200  30976
0.1915  0.1607  0.4000  22784
0.2298  0.1928  0.2800  20480
0.2681  0.2250  0.1600  20480
0.3064  0.2571  0.0400  25088
0.3447  0.2893  -0.0800  20736
0.3830  0.3214  -0.2000  25856
0.0321  0.0383  0.8800  22016
0.0643  0.0766  0.7600  16384
0.0964  0.1149  0.6400  23040
0.1286  0.1532  0.5200  27392
0.1607  0.1915  0.4000  26624
0.1928  0.2298  0.2800  24064
0.2250  0.2681  0.1600  29952
0.2571  0.3064  0.0400  19968
0.2893  0.3447  -0.0800  25344
0.3214  0.3830  -0.2000  20992
0.0250  0.0433  0.8800  19968
0.0500  0.0866  0.7600  27648
0.0750  0.1299  0.6400  28416
0.1000  0.1732  0.5200  18688
0.1250  0.2165  0.4000  29440
0.1500  0.2598  0.2800  21760
0.1750  0.3031  0.1600  18688
0.2000  0.3464  0.0400  25856
0.2250  0.3897  -0.0800  30208
0.2500  0.4330  -0.2000  17664
0.0171  0.0470  0.8800  30720
0.0342  0.0940  0.7600  24576
0.0513  0.1410  0.6400  28928
0.0684  0.1879  0.5200  27392
0.0855  0.2349  0.4000  31744
0.1026  0.2819  0.2800  19200
0.1197  0.3289  0.1600  20480
0.1368  0.3759  0.0400  32512
0.1539  0.4229  -0.0800  32000
0.1710  0.4698  -0.2000  27392
0.0087  0.0492  0.8800  17152
0.0174  0.0985  0.7600  23808
0.0260  0.1477  0.6400  18432
0.0347  0.1970  0.5200  21248
0.0434  0.2462  0.4000  30464
0.0521  0.2954  0.2800  24576
0.0608  0.3447  0.1600  20736
0.0695  0.3939  0.0400  23552
0.0781  0.4432  -0.0800  19200
0.0868  0.4924  -0.2000  17152
0.0000  0.0500  0.8800  32512
0.0000  0.1000  0.7600  31744
0.0000  0.1500  0.6400  29440
0.0000  0.2000  0.5200  30976
0.0000  0.2500  0.4000  17408
0.0000  0.3000  0.2800  24064
0.0000  0.3500  0.1600  19968
0.0000  0.4000  0.0400  23808
0.0000  0.4500  -0.0800  24832
0.0000  0.5000  -0.2000  17152
-0.0087  0.0492  0.8800  21248
-0.0174  0.0985  0.7600  16896
-0.0260  0.1477  0.6400  23296
-0.0347  0.1970  0.5200  18688
-0.0434  0.2462  0.4000  18176
-0.0521  0.2954  0.2800  29184
-0.0608  0.3447  0.1600  29696
-0.0695  0.3939  0.0400  17664
-0.0781  0.4432  -0.0800  19712
-0.0868  0.4924  -0.2000  18176
-0.0171  0.0470  0.8800  27648
-0.0342  0.0940  0.7600  25856
-0.0513  0.1410  0.6400  19712
-0.0684  0.1879  0.5200  28672
-0.0855  0.2349  0.4000  23808
-0.1026  0.2819  0.2800  26368
-0.1197  0.3289  0.1600  22016
-0.1368  0.3759  0.0400  31488
-0.1539  0.4229  -0.0800  26880
-0.1710  0.4698  -0.2000  18944
-0.0250  0.0433  0.8800  29440
-0.0500  0.0866  0.7600  24320
-0.0750  0.1299  0.6400  19968
-0.1000  0.1732  0.5200  24064
-0.1250  0.2165  0.4000  18432
-0.1500  0.2598  0.2800  21504
-0.1750  0.3031  0.1600  17408
-0.2000  0.3464  0.0400  26368
-0.2250  0.3897  -0.0800  23808
-0.2500  0.4330  -0.2000  25600
-0.0321  0.0383  0.8800  32512
-0.0643  0.0766  0.7600  26880
-0.0964  0.1149  0.6400  30720
-0.1286  0.1532  0.5200  22272
-0.1607  0.1915  0.4000  20736
-0.1928  0.2298  0.2800  26368
-0.2250  0.2681  0.1600  19968
-0.2571  0.3064  0.0400  30464
-0.2893  0.3447  -0.0800  25344
-0.3214  0.3830  -0.2000  29952
-0.0383  0.0321  0.8800  24320
-0.0766  0.0643  0.7600  24320
-0.1149  0.0964  0.6400  18432
-0.1532  0.1286  0.5200  22016
-0.1915  0.1607  0.4000  17152
-0.2298  0.1928  0.2800  25856
-0.2681  0.2250  0.1600  26880
-0.3064  0.2571  0.0400  22016
-0.3447  0.2893  -0.0800  25856
-0.3830  0.3214  -0.2000  27904
-0.0433  0.0250  0.8800  18432
-0.0866  0.0500  0.7600  22272
-0.1299  0.0750  0.6400  20224
-0.1732  0.1000  0.5200  28672
-0.2165  0.1250  0.4000  25600
-0.2598  0.1500  0.2800  16640
-0.3031  0.1750  0.1600  22272
-0.3464  0.2000  0.0400  26368
-0.3897  0.2250  -0.0800  32000
-0.4330  0.2500  -0.2000  32256
-0.0470  0.0171  0.8800  23808
-0.0940  0.0342  0.7600  29952
-0.1410  0.0513  0.6400  16896
-0.1879  0.0684  0.5200  16384
-0.2349  0.0855  0.4000  23552
-0.2819  0.1026  0.2800  26112
-0.3289  0.1197  0.1600  25088
-0.3759  0.1368  0.0400  28672
-0.4229  0.1539  -0.0800  27904
-0.4698  0.1710  -0.2000  23552
-0.0492  0.0087  0.8800  22528
-0.0985  0.0174  0.7600  27648
-0.1477  0.0260  0.6400  27648
-0.1970  0.0347  0.5200  28672
-0.2462  0.0434  0.4000  18944
-0.2954  0.0521  0.2800  17664
-0.3447  0.0608  0.1600  24832
-0.3939  0.0695  0.0400  19968
-0.4432  0.0781  -0.0800  31232
-0.4924  0.0868  -0.2000  20736
-0.0500  0.0000  0.8800  32000
-0.1000  0.0000  0.7600  21248
-0.1500  0.0000  0.6400  27392
-0.2000  0.0000  0.5200  26368
-0.2500  0.0000  0.4000  31744
-0.3000  0.0000  0.2800  19200
-0.3500  0.0000  0.1600  20992
-0.4000  0.0000  0.0400  26368
-0.4500  0.0000  -0.0800  29440
-0.5000  0.0000  -0.2000  23808
-0.0492  -0.0087  0.8800  25600
-0.0985  -0.0174  0.7600  19968
-0.1477  -0.0260  0.6400  19456
-0.1970  -0.0347  0.5200  23808
-0.2462  -0.0434  0.4000  20224
-0.2954  -0.0521  0.2800  22016
-0.3447  -0.0608  0.1600  31232
-0.3939  -0.0695  0.0400  17408
-0.4432  -0.0781  -0.0800  22016
-0.4924  -0.0868  -0.2000  30464
-0.0470  -0.0171  0.8800  19712
-0.0940  -0.0342  0.7600  32512
-0.1410  -0.0513  0.6400  28928
-0.1879  -0.0684  0.5200  23808
-0.2349  -0.0855  0.4000  28416
-0.2819  -0.1026  0.2800  25344
-0.3289  -0.1197  0.1600  30464
-0.3759  -0.1368  0.0400  20736
-0.4229  -0.1539  -0.0800  21760
-0.4698  -0.1710  -0.2000  26368
-0.0433  -0.0250  0.8800  30976
-0.0866  -0.0500  0.7600  29440
-0.1299  -0.0750  0.6400  27648
-0.1732  -0.1000  0.5200  29440
-0.2165  -0.1250  0.4000  17664
-0.2598  -0.1500  0.2800  22784
-0.3031  -0.1750  0.1600  27648
-0.3464  -0.2000  0.0400  26880
-0.3897  -0.2250  -0.0800  23040
-0.4330  -0.2500  -0.2000  20480
-0.0383  -0.0321  0.8800  25088
-0.0766  -0.0643  0.7600  22016
-0.1149  -0.0964  0.6400  27904
-0.1532  -0.1286  0.5200  20992
-0.1915  -0.1607  0.4000  23040
-0.2298  -0.1928  0.2800  31744
-0.2681  -0.2250  0.1600  21248
-0.3064  -0.2571  0.0400  23040
-0.3447  -0.2893  -0.0800  19456
-0.3830  -0.3214  -0.2000  25600
-0.0321  -0.0383  0.8800  28416
-0.0643  -0.0766  0.7600  24576
-0.0964  -0.1149  0.6400  22272
-0.1286  -0.1532  0.5200  32512
-0.1607  -0.1915  0.4000  30720
-0.1928  -0.2298  0.2800  18944
-0.2250  -0.2681  0.1600  17664
-0.2571  -0.3064  0.0400  17408
-0.2893  -0.3447  -0.0800  25600
-0.3214  -0.3830  -0.2000  21760
-0.0250  -0.0433  0.8800  20480
-0.0500  -0.0866  0.7600  23552
-0.0750  -0.1299  0.6400  25344
-0.1000  -0.1732  0.5200  24320
-0.1250  -0.2165  0.4000  22528
-0.1500  -0.2598  0.2800  23552
-0.1750  -0.3031  0.1600  22784
-0.2000  -0.3464  0.0400  26112
-0.2250  -0.3897  -0.0800  21248
-0.2500  -0.4330  -0.2000  21504
-0.0171  -0.0470  0.8800  31232
-0.0342  -0.0940  0.7600  19200
-0.0513  -0.1410  0.6400  19456
-0.0684  -0.1879  0.5200  29952
-0.0855  -0.2349  0.4000  17664
-0.1026  -0.2819  0.2800  26112
-0.1197  -0.3289  0.1600  25856
-0.1368  -0.3759  0.0400  26880
-0.1539  -0.4229  -0.0800  26880
-0.1710  -0.4698  -0.2000  24320
-0.0087  -0.0492  0.8800  21248
-0.0174  -0.0985  0.7600  21504
-0.0260  -0.1477  0.6400  27904
-0.0347  -0.1970  0.5200  25088
-0.0434  -0.2462  0.4000  17664
-0.0521  -0.2954  0.2800  20992
-0.0608  -0.3447  0.1600  21760
-0.0695  -0.3939  0.0400  31744
-0.0781  -0.4432  -0.0800  17920
-0.0868  -0.4924  -0.2000  29440
-0.0000  -0.0500  0.8800  20992
-0.0000  -0.1000  0.7600  25088
-0.0000  -0.1500  0.6400  28928
-0.0000  -0.2000  0.5200  19712
-0.0000  -0.2500  0.4000  18688
-0.0000  -0.3000  0.2800  29184
-0.0000  -0.3500  0.1600  29440
-0.0000  -0.4000  0.0400  16640
-0.0000  -0.4500  -0.0800  26624
-0.0000  -0.5000  -0.2000  18432
0.0087  -0.0492  0.8800  24064
0.0174  -0.0985  0.7600  26880
0.0260  -0.1477  0.6400  16896
0.0347  -0.1970  0.5200  24832
0.0434  -0.2462  0.4000  18176
0.0521  -0.2954  0.2800  30720
0.0608  -0.3447  0.1600  19968
0.0695  -0.3939  0.0400  24320
0.0781  -0.4432  -0.0800  19456
0.0868  -0.4924  -0.2000  26112
0.0171  -0.0470  0.8800  32256
0.0342  -0.0940  0.7600  31232
0.0513  -0.1410  0.6400  28672
0.0684  -0.1879  0.5200  19968
0.0855  -0.2349  0.4000  25600
0.1026  -0.2819  0.2800  22272
0.1197  -0.3289  0.1600  19200
0.1368  -0.3759  0.0400  28160
0.1539  -0.4229  -0.0800  18944
0.1710  -0.4698  -0.2000  21760
0.0250  -0.0433  0.8800  30208
0.0500  -0.0866  0.7600  26112
0.0750  -0.1299  0.6400  23040
0.1000  -0.1732  0.5200  17152
0.1250  -0.2165  0.4000  31744
0.1500  -0.2598  0.2800  28160
0.1750  -0.3031  0.1600  25600
0.2000  -0.3464  0.0400  16640
0.2250  -0.3897  -0.0800  30720
0.2500  -0.4330  -0.2000  30208
0.0321  -0.0383  0.8800  29440
0.0643  -0.0766  0.7600  29440
0.0964  -0.1149  0.6400  16640
0.1286  -0.1532  0.5200  26368
0.1607  -0.1915  0.4000  32000
0.1928  -0.2298  0.2800  16640
0.2250  -0.2681  0.1600  25856
0.2571  -0.3064  0.0400  24832
0.2893  -0.3447  -0.0800  29440
0.3214  -0.3830  -0.2000  16640
0.0383  -0.0321  0.8800  18432
0.0766  -0.0643  0.7600  25344
0.1149  -0.0964  0.6400  20480
0.1532  -0.1286  0.5200  26368
0.1915  -0.1607  0.4000  19456
0.2298  -0.1928  0.2800  20480
0.2681  -0.2250  0.1600  24832
0.3064  -0.2571  0.0400  25600
0.3447  -0.2893  -0.0800  17664
0.3830  -0.3214  -0.2000  16896
0.0433  -0.0250  0.8800  18176
0.0866  -0.0500  0.7600  25856
0.1299  -0.0750  0.6400  16896
0.1732  -0.1000  0.5200  30720
0.2165  -0.1250  0.4000  25344
0.2598  -0.1500  0.2800  20736
0.3031  -0.1750  0.1600  24320
0.3464  -0.2000  0.0400  28160
0.3897  -0.2250  -0.0800  31744
0.4330  -0.2500  -0.2000  27904
0.0470  -0.0171  0.8800  32256
0.0940  -0.0342  0.7600  29184
0.1410  -0.0513  0.6400  16896
0.1879  -0.0684  0.5200  26112
0.2349  -0.0855  0.4000  20736
0.2819  -0.1026  0.2800  18944
0.3289  -0.1197  0.1600  26624
0.3759  -0.1368  0.0400  19712
0.4229  -0.1539  -0.0800  23808
0.4698  -0.1710  -0.2000  28160
0.0492  -0.0087  0.8800  19200
0.0985  -0.0174  0.7600  30976
0.1477  -0.0260  0.6400  24832
0.1970  -0.0347  0.5200  19968
0.2462  -0.0434  0.4000  31744
0.2954  -0.0521  0.2800  17408
0.3447  -0.0608  0.1600  21248
0.3939  -0.0695  0.0400  19968
0.4432  -0.0781  -0.0800  25344
0.4924  -0.0868  -0.2000  25856
